2958
2959
1494
1573
1590
1603
2634
2635
1984
1985
1453
1454
1450
697
698
1447
2036
2034
564
566
707
1439
360
361
359
1480
1481
2833
2814
1436
1437
1571
1566
1568
1567
2884
2858
1467
1470
1993
1994
2058
2059
2434
2436
2440
2492
1564
1565
162
163
553
557
556
1465
1466
351
367
368
352
2050
2051
1434
1435
1563
1599
1983
1981
1433
1558
2418
2423
2052
2809
2811
2621
2620
2590
2592
694
695
2395
2396
1596
1597
656
592
2632
2588
1794
1795
2877
2878
2879
1813
1814
653
654
2619
2618
1228
1227
1738
1739
167
164
1799
1800
539
540
1751
1752
1370
1375
1230
1232
1233
1926
1927
1226
542
2579
2577
1785
1791
528
529
1784
1923
1810
1920
2829
2828
1922
2613
2614
1805
1806
1787
1788
2578
2583
638
635
584
585
1381
1382
1917
1918
633
1425
1418
641
642
632
2393
2394
2386
2616
1780
1781
1919
1948
1949
1259
1260
2625
2626
1774
1721
1722
2584
2586
1718
1947
1943
1931
1206
1218
1772
1946
1417
1416
1773
1916
192
193
1915
1723
1728
2624
2623
518
519
1941
1942
2815
2816
2876
2872
189
190
1350
1351
2818
2827
1408
1409
2946
2947
2794
2796
1768
1767
1764
1765
1889
1890
1763
643
644
1891
1244
1248
1761
1762
1403
1404
1247
1939
1940
1903
1905
1725
1726
2825
2826
1245
1246
2569
2570
1902
1841
1242
2559
2560
1240
1840
1674
1676
2568
2566
1873
1872
1842
1837
1210
1209
1208
1879
1884
1878
444
443
452
446
441
447
422
392
421
456
457
458
459
410
460
464
429
462
465
414
469
470
466
468
571
448
451
449
472
473
475
491
476
477
837
479
496
480
481
484
486
485
482
487
937
488
950
492
489
497
493
499
495
500
501
502
503
504
509
506
512
507
511
505
514
961
513
515
335
516
353
520
523
521
407
406
524
527
415
525
530
536
533
531
582
534
538
537
541
543
546
544
374
547
550
548
371
551
552
559
555
558
563
562
560
567
569
574
573
575
578
572
576
579
614
580
581
586
588
590
600
594
593
595
589
596
597
598
591
627
628
601
607
602
605
508
606
609
608
603
613
616
618
624
621
1195
617
615
629
625
630
631
637
636
639
648
645
646
650
649
651
693
655
1431
658
657
660
661
663
662
568
665
664
667
669
672
673
668
670
671
674
675
677
678
680
690
681
685
686
682
689
703
688
691
692
687
705
699
701
702
708
724
704
706
1448
711
709
723
712
717
679
714
715
718
721
726
720
725
719
722
729
727
728
260
264
733
197
732
730
736
734
737
744
746
739
283
297
740
305
745
747
742
741
748
750
311
439
310
751
749
755
752
756
757
758
759
761
760
763
762
764
765
770
766
767
738
792
778
774
772
771
776
779
780
783
782
1074
801
802
788
789
790
796
795
793
786
781
799
803
804
806
797
807
805
810
808
811
798
814
812
816
815
821
819
2680
438
825
823
826
845
830
828
829
863
827
833
831
864
834
440
835
843
839
455
842
930
844
846
847
848
852
849
851
880
855
853
882
850
898
856
902
436
858
860
868
865
867
874
869
891
878
871
775
876
913
875
872
877
1054
879
866
896
885
886
890
895
892
881
893
915
888
894
916
906
901
903
900
908
907
912
904
905
919
909
911
1057
914
1058
918
920
922
923
921
924
926
927
1063
928
929
931
933
932
934
936
935
939
941
942
940
944
947
945
966
965
943
951
952
954
953
956
958
959
1180
962
963
964
1185
977
967
971
972
968
970
973
974
975
1020
979
978
981
1024
980
1025
982
1027
983
984
1200
985
995
986
948
987
988
991
989
1001
1035
993
994
996
998
997
1000
1004
1002
1003
1036
1006
1007
1009
1010
1092
990
1016
1018
1014
1015
1017
1019
1022
1026
1028
1029
1032
1289
1042
1039
1038
1114
1040
1046
1044
1045
1047
1049
1048
768
1051
873
1052
1059
1056
1061
925
1065
1066
1076
1070
1073
1071
2097
1075
2099
1077
1082
1081
1085
1148
1091
1087
1090
1089
1083
1101
1102
1008
1099
1093
1098
1095
1096
1079
1103
1107
1106
1104
1110
1108
1140
1109
1111
1131
1115
1113
1116
1117
1119
1120
1122
1125
1121
1118
1129
1123
1124
1127
1132
1135
1133
1136
1137
1161
1138
1050
1139
1163
1145
1146
1144
1143
1155
1150
1151
2115
1154
1152
1162
1160
1156
1169
1170
1167
1171
1174
2117
1172
1178
1175
2130
2125
1177
1179
1831
1832
2822
2823
1707
1708
1877
2926
2927
2347
2339
2800
2802
1835
1836
2321
2322
1345
1340
1337
1205
1204
1207
1335
1203
349
350
1838
1863
1339
1342
1338
2541
2542
1196
1844
1864
1694
1695
1212
1213
1673
1344
1211
2819
2782
2799
2798
2797
1320
1318
1821
1822
1693
1692
2368
2369
1690
1691
347
348
1820
1826
336
337
2317
2319
2152
2320
2735
610
611
1295
1296
1299
2734
2150
2151
1291
1293
1681
1683
2314
2140
1186
1184
2175
2176
1290
1314
2725
2724
1294
1033
2312
2310
1164
1030
1031
170
169
2170
2171
2126
2722
2723
2137
2138
2148
2149
2129
2133
174
175
2729
2730
2164
2165
2748
2749
2254
2255
2262
2263
2145
2144
2252
2253
399
403
402
412
2186
2245
2743
2744
2773
2774
331
333
498
2239
2240
2712
2718
2711
2740
2741
3013
3010
3163
3164
3316
3317
3312
3268
3266
3267
3159
3160
3257
3258
3264
3265
3137
3138
3106
3107
3136
3135
3156
3158
3039
3037
3066
3067
3270
3271
3276
3274
3344
3345
3343
3058
3059
3275
3277
3253
3254
3097
3095
3249
3251
3032
3033
3110
3116
3246
3244
3340
3341
3296
3297
3299
3300
3287
3288
3185
3186
3230
3227
3333
3335
3336
3126
3127
3181
3182
3228
3229
3226
3204
3205
3225
3337
3338
3192
3193
3194
3197
3283
3282
2861
2862
2967
2968
3084
3085
3290
3291
3089
3101
2895
2896
3221
3223
3174
2485
2990
2991
3026
3023
2646
2647
2469
2470
1642
1641
1533
1535
2649
2650
2856
2857
2513
2514
2481
2482
1663
1655
2089
2090
1638
1637
2668
2669
1640
1639
2956
2954
2020
2022
1662
1656
1654
1645
1636
2083
2084
1521
1522
1511
1512
1626
1627
1628
1629
1516
1517
2453
2454
372
373
1519
1518
2450
2478
2891
2890
2943
2941
2456
2455
2079
2080
2451
2452
2666
2659
2940
2942
2081
2939
1508
1509
2433
2015
2016
1593
1594
370
2932
2933
1515
1578
2070
2071
2069
1606
1607
1624
1615
1978
1979
2002
2442
2443
22
23
2445
2441
2425
2426
2064
2065
2063
2847
2848
2003
2006
1496
1497
1616
1617
1608
2594
2642
2007
2008
1970
1971
17
18
19
16
15
14
1620
1622
1972
1999
2000
1574
1575
165
166
1586
1589
2638
2838
2840
2846
1141
1094
2221
2222
1157
2284
2282
2114
2281
2283
1013
1011
2276
2277
1153
2218
2219
2714
2715
1159
2716
2717
400
2121
2234
2231
153
154
388
1097
398
2736
2737
2229
2230
2120
2272
2271
2228
2709
2710
395
396
332
327
2112
2107
2765
2766
408
2764
2763
147
148
2197
2198
2693
2694
841
899
386
387
385
2199
2201
324
325
2202
2203
2208
2209
2756
2759
889
321
320
887
453
454
1084
389
390
2205
2206
182
183
2102
2103
326
328
384
383
426
1068
2196
820
859
143
145
312
313
225
146
186
187
291
292
224
307
308
753
306
274
275
269
266
52
63
282
220
221
123
122
53
55
56
50
64
65
47
48
124
125
117
118
214
215
33
34
238
208
36
37
39
38
201
202
86
80
84
91
90
205
206
203
94
96
74
75
259
262
248
247
261
249
257
255
254
258
256
252
251
784
6
7
9
10
12
13
26
27
40
41
42
44
45
54
67
68
69
76
78
79
85
88
89
95
101
102
108
109
111
112
114
115
119
131
132
135
136
137
138
144
149
150
155
157
158
178
179
180
181
184
185
194
198
199
204
212
213
216
217
219
223
226
227
231
236
237
244
245
243
246
250
263
267
268
270
276
280
281
286
287
295
296
298
299
303
304
309
322
329
330
341
342
345
346
362
377
378
380
381
393
397
401
404
405
409
413
302
416
419
424
425
428
430
434
435
442
450
461
463
467
471
474
478
483
490
494
510
517
522
526
532
535
545
549
554
561
565
570
577
583
587
599
604
612
622
623
626
634
640
647
652
659
666
676
683
684
696
700
710
713
716
731
735
743
754
769
773
777
787
794
800
809
813
822
824
832
836
838
854
857
861
862
870
897
910
917
938
946
949
955
957
960
969
976
992
999
1005
1012
1021
1023
1034
1037
1041
1043
1053
1055
1060
1062
1064
1067
1069
1072
1078
1080
1086
1088
1100
1105
1126
1128
1130
1134
1142
1147
1158
1165
1166
1168
1182
1183
1188
619
1197
1198
1199
1214
1219
1220
1241
1254
1255
1265
1266
1272
1273
1288
1292
1302
1303
1311
1319
1321
1322
1348
1349
1354
1355
1356
1357
1362
1363
1376
1383
1384
1388
1389
1395
1396
1401
1402
1414
1415
1427
1428
1441
1449
1452
1469
1474
1477
1491
1492
1461
1499
1520
1524
1525
1570
1577
1600
1601
1604
1609
1614
1619
1652
1653
1665
1666
1675
1678
1679
1682
1698
1699
1705
1706
1710
1711
1713
1714
1719
1720
1729
1730
1732
1429
1737
1747
1749
1750
1745
1754
1766
1775
1776
1746
1783
1797
1798
1811
1812
1816
1817
1825
1827
1828
1823
1829
1839
1846
1847
1851
1852
1861
1865
1868
1869
1870
1871
1897
1899
1904
1893
1807
1921
1929
1933
1934
1912
1937
1952
1953
1955
1950
1959
1961
1962
1963
1965
1966
1973
1974
1796
1982
1986
1987
2011
2012
2018
2021
2024
2029
2030
2031
2035
2038
2039
2048
2049
2061
2060
2066
2072
2077
2078
2082
2094
2095
2098
2104
2113
2118
2119
2122
2123
2124
2135
2136
2139
2143
2153
2154
2159
2160
2166
2168
2167
2169
2177
2178
2179
2188
2189
2192
2193
2200
2204
2210
2213
2214
2223
2224
2233
2235
2242
2243
2246
2250
2251
2259
2260
2264
2265
2269
2270
2278
2289
2291
2292
2285
2299
2300
2301
2303
2304
2307
2308
2311
2315
2316
2318
2325
2326
2333
2334
2342
2343
2345
2355
2356
2366
2367
2370
2371
2374
2375
2380
2381
2387
2388
2398
2399
2403
2405
2409
2410
2412
2413
2419
2360
2430
2431
2435
2438
2439
2446
2448
2449
2465
2466
2475
2476
2484
2488
2401
2493
2497
2496
2503
2504
2507
2508
2510
2511
2520
2524
2527
2528
2544
2545
2554
2555
2562
2567
2575
2576
2585
2589
2591
2597
2598
2599
2268
2596
2604
2605
2607
2608
2611
2612
2617
2627
2629
2637
2639
2641
2643
2644
2651
2652
2653
2661
2662
2663
2664
2667
2671
2676
2677
2689
2690
2695
2696
2699
2700
2703
2704
2707
2708
2719
2731
2732
2739
2742
2745
2757
2758
2760
2761
2767
2768
2775
2780
2781
2783
2784
2785
2786
2792
2793
2795
2801
2805
2806
2810
2820
2821
2830
2835
2836
2839
2842
2843
2849
2850
2859
2860
2865
2866
2824
2868
2873
2874
2880
2881
2885
2886
2892
2893
2898
2899
2900
2901
2907
2908
2919
2920
2929
2936
2937
2944
2945
2949
2950
2951
2952
2960
2969
2976
2977
2980
2981
2988
2989
2992
2993
3003
3005
3008
3009
3019
3020
3022
3027
3030
3031
2997
3036
3040
3041
3042
3043
3034
3035
3048
3049
3053
3054
3062
3063
3064
3065
3075
3076
3081
3082
3086
3087
3090
3091
3096
3103
3104
3114
3115
3117
3118
3119
3120
3129
3130
3131
3132
3142
3143
3152
3153
3157
3161
3162
3166
3167
3168
3170
3171
3172
3173
3175
3178
3179
3183
3184
3196
3202
3203
3216
3217
3222
3232
3239
3240
3238
3245
3247
3248
3250
3255
3261
3272
3273
2534
3280
3284
3285
3292
3293
3298
3302
3304
3305
3309
3310
3315
3321
3322
3339
3342
3347
3348
2983
2984
2963
2964
3133
3134
3148
3149
2505
1250
3241
3231
3213
2973
2974
2971
2972
2985
2679
2681
3
2
1
4
2982
3014
3015
3326
3327
3320
3319
3329
3328
3323
3325
3324
3349
3350
3351
3352
2961
2955
2957
2965
2915
2914
2916
2913
2683
2685
2684
791
196
785
195
2328
2324
1888
8
5
21
20
25
24
30
28
31
32
35
29
43
46
51
49
58
57
59
60
62
61
66
72
70
71
77
73
81
82
83
87
92
93
97
103
99
100
98
106
104
110
107
128
116
126
120
121
127
129
130
133
134
113
151
11
152
156
172
160
159
161
168
173
176
177
188
171
191
105
200
230
207
209
210
211
229
218
222
228
232
233
234
235
239
241
240
242
271
253
265
273
272
285
277
289
278
279
284
300
290
288
417
301
316
315
317
314
318
323
319
334
338
343
339
2986
355
344
340
354
356
357
358
363
365
364
369
379
382
391
394
411
431
418
423
420
427
432
433
437
1181
1190
1189
1191
1187
1193
1192
1194
1202
1216
1215
1304
1217
1229
1262
1224
1225
1442
1236
1239
1237
1249
1256
1257
1275
1274
1235
1276
1284
1285
1283
1371
1373
1201
1298
1297
1310
1300
1316
1301
1306
1307
1308
1309
1312
1313
1315
1317
1668
1669
1324
1323
1325
1346
1329
1331
1332
1347
1407
1352
1353
1359
1358
1251
1394
1360
1365
1361
1364
1378
1369
1377
1380
1367
1385
1419
1392
1391
1393
1398
1399
1400
1410
1406
1413
1412
1716
1420
1426
1421
1422
1735
1424
1602
1432
1440
1443
1463
1438
1444
1445
1464
1446
1455
1451
1456
1457
1458
1459
1460
1489
1277
1473
1468
1471
1472
1483
1475
1282
1476
1482
1484
1479
1490
1487
1488
1486
1485
1493
1495
1498
1576
1505
1500
1510
1501
1503
1507
1514
1506
1504
1513
1582
1630
1523
1526
1529
1527
1532
1530
1531
1538
1537
1541
1547
1478
1387
1598
1561
1560
1580
1579
1569
1572
1591
1605
1611
1618
1592
1631
1648
1635
1634
1650
1632
1633
1647
1643
1646
1649
1651
1657
1625
1658
1659
2017
1661
2013
1664
1667
1343
1670
1671
1680
1684
1672
1677
1697
1685
1688
1686
1687
1689
1696
1703
1700
1760
1709
1411
1715
1724
1717
1727
1734
1731
1742
1736
1748
1753
1743
1968
1756
1758
1759
1769
1782
1778
1901
1786
1801
1793
1803
1804
1991
1818
1824
1819
1176
1843
1834
1712
1833
1830
1173
1845
1849
1848
1856
1850
1853
1855
1857
1858
1854
1860
1859
1875
1866
1867
1883
1876
1874
1881
1885
1951
1886
1770
1892
1909
1930
1932
1925
1935
1936
1938
1944
1945
1954
1958
1957
1956
2350
2351
1960
1967
1969
1980
1975
1660
2014
1977
1976
1755
1995
1988
1996
1989
1990
1992
2028
2005
2001
2004
2009
2037
2040
2019
2023
2025
2026
2032
2033
2010
2053
2041
2042
2062
2044
2043
2068
2046
2047
2045
2067
2055
2054
2056
2057
2073
2074
2075
2087
2076
2027
2086
2085
2088
2458
2091
2092
2093
2096
2100
2101
1149
2106
2105
2108
2109
2110
2111
2116
2163
2128
2132
2127
2131
2134
2142
2141
2146
2147
2156
2155
2157
2158
2162
2161
2182
2181
2172
2173
2174
2184
2190
2180
2187
2183
2185
2247
2191
2194
2256
818
817
2195
2207
2212
2211
2215
2216
2217
2225
2226
2227
2232
2220
2236
2237
2241
2238
2244
2248
2249
2261
2257
2258
2295
2266
2267
2273
2274
2275
2286
2279
2280
2288
2290
2293
2287
2296
2297
2298
2302
2305
2306
2309
2313
1862
2323
2327
2329
1887
2330
2331
2335
2336
2338
2337
2340
2341
2344
2346
2348
2349
2352
2354
2353
1964
2357
2358
2361
2362
2389
2359
2363
2364
2373
2372
2376
2385
2377
2378
2379
2383
2382
2384
2543
2404
2397
2400
2407
2402
2406
2411
2414
2422
2415
2420
2427
2417
2424
2432
2421
2428
2416
2429
2365
2437
2447
2457
2460
2459
2463
2461
2472
2462
2464
2467
2468
2486
2483
2473
2479
2444
2474
2477
2487
2490
2489
2494
2499
2498
2495
2502
2408
2500
2501
2526
2509
2517
2480
2515
2512
2530
2531
2645
2532
2535
2536
2538
2537
2539
2540
2547
2546
2549
2550
2548
2551
2552
2553
2561
2556
2595
2557
2564
2563
2565
2558
2602
2572
2573
2574
2581
2582
2580
2587
2571
2593
2600
2601
2603
2606
2609
2610
2615
2631
2628
2803
2630
2506
2633
2636
2529
2640
2648
2654
2655
2656
2622
2657
2658
2660
2665
2670
2675
2678
2697
2698
2682
2687
2686
2692
2688
2691
2702
2701
2294
2706
2713
2720
2721
2728
2727
2726
2733
2705
2738
2751
2746
2747
2750
2752
2753
2754
2755
2762
2770
2769
2771
2772
2777
2779
2776
2778
2787
2897
2790
2788
2789
2804
2807
2813
2808
2812
2817
2831
2832
2845
2851
2837
2834
2673
2841
2672
3330
2844
2863
2864
2887
2867
2869
2870
2791
2871
2875
2883
2882
2888
2889
2894
2934
2903
2902
2904
2905
2906
2909
2910
2911
2930
2912
2918
2921
2922
2923
2924
2917
2925
2928
2931
2935
2938
2948
2953
2962
2966
2970
2975
2978
2979
2987
366
2995
2998
2999
3000
3001
2994
3002
2996
3006
3007
3011
3004
3012
3016
3018
3021
3024
3025
3028
3029
3038
3044
3047
3050
3051
3045
3046
3052
3055
3092
3056
3057
3060
3061
3069
3017
3068
3071
3072
3073
3074
3077
3078
3079
3080
3088
3083
3099
3093
3098
1644
3100
3102
3094
3105
3113
3108
3111
3112
3109
3121
3123
3124
3122
3125
3128
3147
3139
3144
3140
3145
3141
3155
3151
3150
3211
3154
3070
3165
3146
3169
3318
2471
3177
3176
3180
3187
3200
3188
3190
2491
3189
3191
3199
3195
3218
2521
3219
3201
3206
3208
3207
3209
3210
3214
3212
3215
3220
2525
3198
3224
3234
3233
3235
3237
3236
3242
3243
3252
3256
3313
3306
3269
3278
3281
3286
2674
3294
3295
3289
3301
3303
3308
3307
3311
3332
3314
3279
3331
3334
3346
1544
2392
1542
1543
1545
1562
1539
1430
1555
1556
1595
1559
1548
1549
1553
1374
1286
1281
1390
1231
1287
1744
1740
1741
1221
1234
1271
1792
1789
1270
1790
1802
1757
1898
1900
1261
1258
1779
1771
1777
1907
1908
1895
1894
1896
1910
1243
1911
840
883
1112
1334
1328
3259
3260
3262
2533
2522
1536
2516
2852
2853
2854
1462
1623
1612
1613
1621
1583
1584
1585
1587
884
445
293
294
375
141
142
139
140
376
1223
1279
1252
1253
1238
1263
1264
1267
1269
1268
1278
1280
1366
1327
1341
1368
1379
1372
1386
1397
1423
1502
1551
1552
1546
1554
1550
1557
1581
1588
1534
1701
1702
1704
1733
1808
1815
1928
1880
1906
1809
1924
1997
1998
2332
2390
2391
2518
2519
2523
2855
3263
3353
1222
1913
1914
1882
620
1330
1528
1610
1305
1333
1326
1336
1405
1540